--- !!perl/hash:AI::Perceptron::Simple
attributes_hash_ref:
  black_shades: 24.2800000000002
  blue_shades: 29.4800000000003
  brown_shades: 26.8300000000002
  female_present: 46.7799999999995
  flower_coverage_more_than_half: 9.23
  green_shades: 31.0300000000003
  has_fancy_stuff: 27.4300000000003
  has_flowers: 24.7300000000002
  has_leaves: 23.4300000000002
  has_obvious_inanimate_objects: 20.3300000000002
  has_other_living_things: 4.72999999999999
  has_trees: 0.58
  leaves_coverage_more_than_half: -7.16999999999998
  male_present: -14.0200000000001
  orange_shades: -2.22
  overall_black_dominant: 0.08
  overall_blue_dominant: 6.82999999999998
  overall_brown_dominant: 0.08
  overall_green_dominant: 17.8800000000001
  overall_orange_dominant: 0.18
  overall_pink_dominant: -2.12
  overall_purple_dominant: 16.3800000000001
  overall_red_dominant: 0.38
  overall_white_dominant: 0.08
  overall_yellow_dominant: 7.72999999999998
  purple_shades: 26.1300000000002
  red_shades: 37.43
  total_people_1: 43.1799999999997
  total_people_2: 14.2300000000001
  total_people_3: 0.08
  total_people_4: -2.12
  total_people_5_n_above: -8.26999999999998
  trees_coverage_more_than_half: 0.08
  yellow_shades: 37.23
learning_rate: 0.05
threshold: 272
