--- !!perl/hash:AI::Perceptron::Simple
attributes_hash_ref:
  black_shades: 16.24598
  blue_shades: 42.5528299999999
  brown_shades: 38.85508
  female_present: 49.9483299999997
  flower_coverage_more_than_half: 27.3392300000001
  green_shades: 27.6561800000001
  has_bronze_items: 0.08153
  has_fancy_stuff: 9.27308
  has_flowers: 28.2900800000001
  has_gold_items: -1.82017
  has_leaves: 27.6561800000001
  has_obvious_inanimate_objects: 0.609780000000001
  has_other_living_things: 28.2900800000001
  has_silver_items: 15.08383
  has_trees: 2.19453
  leaves_coverage_more_than_half: 11.17478
  male_present: -11.01172
  orange_shades: -7.94786999999999
  overall_black_dominant: 0.08153
  overall_blue_dominant: 21.7397800000001
  overall_brown_dominant: 0.08153
  overall_green_dominant: 11.17478
  overall_orange_dominant: 0.08153
  overall_pink_dominant: 3.46233
  overall_purple_dominant: 19.6267800000001
  overall_red_dominant: 0.08153
  overall_white_dominant: 7.79397999999999
  overall_yellow_dominant: -13.44167
  purple_shades: 29.1352800000001
  red_shades: 27.0222800000001
  title_decoration_very_fancy: -3.93317
  title_multiple_colors: -13.12472
  title_towards_KaiTi: 36.74208
  total_people_1: 53.6460799999996
  total_people_2: -1.50322
  total_people_3: -2.03147
  total_people_4: 0.08153
  total_people_5_n_above: 0.08153
  trees_coverage_more_than_half: 0.08153
  yellow_shades: 34.9460300000001
learning_rate: 0.10565
threshold: 320
